1, 148.92
2, 148.56
3, 148.19
4, 147.83
5, 147.47
6, 147.09
7, 146.73
8, 146.36
9, 146.00
10, 145.62
11, 145.27
12, 144.91
13, 144.53
14, 144.17
15, 143.80
16, 143.55
17, 143.19
18, 142.83
19, 142.45
20, 142.09
21, 141.72
22, 141.36
23, 141.11
24, 140.73
25, 140.38
26, 140.02
27, 139.64
28, 139.39
29, 139.03
30, 138.66
31, 138.30
32, 138.05
33, 137.67
34, 137.31
35, 136.94
36, 136.70
37, 136.33
38, 135.97
39, 135.59
40, 135.34
41, 134.98
42, 134.61
43, 134.36
44, 134.00
45, 133.62
46, 133.38
47, 133.02
48, 132.77
49, 132.39
50, 132.03
51, 131.78
52, 131.41
53, 131.05
54, 130.80
55, 130.42
56, 130.17
57, 129.80
58, 129.55
59, 129.19
60, 128.94
61, 128.56
62, 128.31
63, 127.95
64, 127.69
65, 127.33
66, 127.08
67, 126.70
68, 126.45
69, 126.08
70, 125.83
71, 125.47
72, 125.22
73, 124.84
74, 124.59
75, 124.22
76, 123.97
77, 123.72
78, 123.34
79, 123.09
80, 122.84
81, 122.47
82, 122.22
83, 121.84
84, 121.59
85, 121.34
86, 120.97
87, 120.72
88, 120.45
89, 120.09
90, 119.83
91, 119.58
92, 119.33
93, 118.95
94, 118.70
95, 118.44
96, 118.19
97, 117.81
98, 117.56
99, 117.31
100, 117.05
101, 116.67
102, 116.42
103, 116.17
104, 115.91
105, 115.66
106, 115.28
107, 115.02
108, 114.77
109, 114.50
110, 114.25
111, 114.00
112, 113.73
113, 113.36
114, 113.11
115, 112.84
116, 112.59
117, 112.33
118, 112.06
119, 111.81
120, 111.55
121, 111.30
122, 111.03
123, 110.78
124, 110.52
125, 110.25
126, 110.00
127, 109.73
128, 109.47
129, 109.22
130, 108.95
131, 108.69
132, 108.44
133, 108.17
134, 107.91
135, 107.64
136, 107.39
137, 107.12
138, 106.86
139, 106.59
140, 106.33
141, 106.06
142, 105.81
143, 105.55
144, 105.39
145, 105.14
146, 104.88
147, 104.61
148, 104.34
149, 104.08
150, 103.81
151, 103.66
152, 103.39
153, 103.12
154, 102.86
155, 102.59
156, 102.45
157, 102.19
158, 101.92
159, 101.64
160, 101.50
161, 101.23
162, 100.97
163, 100.69
164, 100.55
165, 100.28
166, 100.00
167, 99.73
168, 99.58
169, 99.31
170, 99.05
171, 98.89
172, 98.62
173, 98.34
174, 98.20
175, 97.92
176, 97.77
177, 97.50
178, 97.23
179, 97.08
180, 96.80
181, 96.53
182, 96.38
183, 96.09
184, 95.94
185, 95.67
186, 95.52
187, 95.23
188, 95.08
189, 94.80
190, 94.64
191, 94.38
192, 94.20
193, 93.94
194, 93.78
195, 93.50
196, 93.34
197, 93.06
198, 92.89
199, 92.62
200, 92.45
201, 92.17
202, 92.02
203, 91.73
204, 91.58
205, 91.41
206, 91.12
207, 90.97
208, 90.81
209, 90.53
210, 90.36
211, 90.08
212, 89.91
213, 89.75
214, 89.47
215, 89.30
216, 89.12
217, 88.84
218, 88.69
219, 88.52
220, 88.34
221, 88.06
222, 87.89
223, 87.72
224, 87.55
225, 87.27
226, 87.09
227, 86.92
228, 86.75
229, 86.47
230, 86.30
231, 86.12
232, 85.95
233, 85.78
234, 85.48
235, 85.31
236, 85.14
237, 84.97
238, 84.80
239, 84.62
240, 84.45
241, 84.16
242, 83.98
243, 83.80
244, 83.62
245, 83.45
246, 83.27
247, 83.09
248, 82.92
249, 82.73
250, 82.56
251, 82.38
252, 82.20
253, 82.02
254, 81.84
255, 81.66
256, 81.48
257, 81.30
258, 81.11
259, 80.94
260, 80.75
261, 80.56
262, 80.39
263, 80.20
264, 80.02
265, 79.83
266, 79.64
267, 79.45
268, 79.28
269, 79.09
270, 78.91
271, 78.72
272, 78.64
273, 78.45
274, 78.27
275, 78.08
276, 77.89
277, 77.70
278, 77.50
279, 77.44
280, 77.25
281, 77.05
282, 76.86
283, 76.67
284, 76.59
285, 76.41
286, 76.20
287, 76.02
288, 75.94
289, 75.73
290, 75.55
291, 75.34
292, 75.27
293, 75.06
294, 74.88
295, 74.67
296, 74.59
297, 74.39
298, 74.19
299, 74.11
300, 73.91
301, 73.72
302, 73.62
303, 73.42
304, 73.34
305, 73.14
306, 72.94
307, 72.84
308, 72.64
309, 72.44
310, 72.36
311, 72.14
312, 72.06
313, 71.86
314, 71.77
315, 71.56
316, 71.47
317, 71.25
318, 71.17
319, 70.95
320, 70.86
321, 70.66
322, 70.56
323, 70.34
324, 70.25
325, 70.05
326, 69.94
327, 69.73
328, 69.64
329, 69.42
330, 69.33
331, 69.11
332, 69.00
333, 68.91
334, 68.69
335, 68.59
336, 68.48
337, 68.27
338, 68.17
339, 67.95
340, 67.84
341, 67.75
342, 67.52
343, 67.42
344, 67.31
345, 67.09
346, 66.98
347, 66.88
348, 66.77
349, 66.55
350, 66.44
351, 66.33
352, 66.22
353, 65.98
354, 65.88
355, 65.77
356, 65.66
357, 65.42
358, 65.31
359, 65.20
360, 65.08
361, 64.97
362, 64.73
363, 64.62
364, 64.50
365, 64.39
366, 64.27
367, 64.16
368, 64.03
369, 63.80
370, 63.67
371, 63.56
372, 63.44
373, 63.31
374, 63.19
375, 63.08
376, 62.95
377, 62.83
378, 62.70
379, 62.58
380, 62.45
381, 62.33
382, 62.19
383, 62.06
384, 61.94
385, 61.81
386, 61.69
387, 61.55
388, 61.42
389, 61.30
390, 61.16
391, 61.03
392, 60.89
393, 60.77
394, 60.62
395, 60.48
396, 60.36
397, 60.22
398, 60.08
399, 59.94
400, 59.92
401, 59.78
402, 59.64
403, 59.50
404, 59.36
405, 59.22
406, 59.08
407, 59.06
408, 58.92
409, 58.77
410, 58.62
411, 58.48
412, 58.45
413, 58.31
414, 58.16
415, 58.02
416, 57.98
417, 57.83
418, 57.69
419, 57.53
420, 57.50
421, 57.34
422, 57.19
423, 57.05
424, 57.00
425, 56.84
426, 56.69
427, 56.66
428, 56.50
429, 56.34
430, 56.31
431, 56.14
432, 56.11
433, 55.94
434, 55.78
435, 55.73
436, 55.58
437, 55.42
438, 55.38
439, 55.20
440, 55.16
441, 55.00
442, 54.95
443, 54.78
444, 54.73
445, 54.56
446, 54.52
447, 54.34
448, 54.28
449, 54.11
450, 54.06
451, 53.89
452, 53.83
453, 53.66
454, 53.61
455, 53.42
456, 53.38
457, 53.19
458, 53.14
459, 52.95
460, 52.89
461, 52.83
462, 52.66
463, 52.59
464, 52.53
465, 52.34
466, 52.28
467, 52.09
468, 52.03
469, 51.95
470, 51.77
471, 51.70
472, 51.62
473, 51.44
474, 51.38
475, 51.30
476, 51.22
477, 51.03
478, 50.95
479, 50.89
480, 50.81
481, 50.61
482, 50.53
483, 50.45
484, 50.38
485, 50.17
486, 50.09
487, 50.02
488, 49.94
489, 49.86
490, 49.66
491, 49.56
492, 49.48
493, 49.39
494, 49.31
495, 49.22
496, 49.12
497, 48.92
498, 48.83
499, 48.75
500, 48.66
501, 48.56
502, 48.47
503, 48.38
504, 48.28
505, 48.19
506, 48.08
507, 47.98
508, 47.89
509, 47.80
510, 47.69
511, 47.59
512, 47.48
513, 47.39
514, 47.28
515, 47.17
516, 47.08
517, 46.97
518, 46.86
519, 46.75
520, 46.64
521, 46.53
522, 46.42
523, 46.31
524, 46.20
525, 46.09
526, 45.98
527, 45.86
528, 45.88
529, 45.75
530, 45.64
531, 45.52
532, 45.41
533, 45.28
534, 45.17
535, 45.16
536, 45.05
537, 44.92
538, 44.80
539, 44.67
540, 44.67
541, 44.53
542, 44.41
543, 44.28
544, 44.28
545, 44.14
546, 44.02
547, 43.89
548, 43.88
549, 43.73
550, 43.61
551, 43.47
552, 43.45
553, 43.31
554, 43.17
555, 43.16
556, 43.02
557, 42.88
558, 42.86
559, 42.72
560, 42.69
561, 42.55
562, 42.41
563, 42.38
564, 42.23
565, 42.08
566, 42.06
567, 41.91
568, 41.88
569, 41.72
570, 41.69
571, 41.53
572, 41.50
573, 41.34
574, 41.31
575, 41.16
576, 41.11
577, 40.95
578, 40.92
579, 40.77
580, 40.72
581, 40.55
582, 40.52
583, 40.34
584, 40.30
585, 40.14
586, 40.09
587, 39.92
588, 39.88
589, 39.81
590, 39.64
591, 39.59
592, 39.55
593, 39.38
594, 39.31
595, 39.14
596, 39.08
597, 39.02
598, 38.84
599, 38.78
600, 38.72
601, 38.55
602, 38.48
603, 38.42
604, 38.34
605, 38.17
606, 38.09
607, 38.03
608, 37.95
609, 37.77
610, 37.70
611, 37.62
612, 37.56
613, 37.36
614, 37.30
615, 37.22
616, 37.14
617, 37.06
618, 36.86
619, 36.78
620, 36.70
621, 36.62
622, 36.53
623, 36.45
624, 36.36
625, 36.16
626, 36.08
627, 35.98
628, 35.91
629, 35.81
630, 35.72
631, 35.62
632, 35.53
633, 35.44
634, 35.34
635, 35.25
636, 35.16
637, 35.06
638, 34.95
639, 34.86
640, 34.75
641, 34.66
642, 34.55
643, 34.45
644, 34.34
645, 34.23
646, 34.12
647, 34.02
648, 33.91
649, 33.80
650, 33.69
651, 33.58
652, 33.47
653, 33.34
654, 33.23
655, 33.11
656, 33.11
657, 33.00
658, 32.88
659, 32.77
660, 32.64
661, 32.52
662, 32.39
663, 32.38
664, 32.25
665, 32.12
666, 32.00
667, 31.88
668, 31.86
669, 31.73
670, 31.59
671, 31.47
672, 31.45
673, 31.31
674, 31.17
675, 31.03
676, 31.02
677, 30.88
678, 30.73
679, 30.59
680, 30.56
681, 30.42
682, 30.28
683, 30.25
684, 30.09
685, 29.95
686, 29.92
687, 29.77
688, 29.73
689, 29.58
690, 29.42
691, 29.39
692, 29.23
693, 29.08
694, 29.03
695, 28.88
696, 28.83
697, 28.67
698, 28.62
699, 28.47
700, 28.42
701, 28.25
702, 28.20
703, 28.03
704, 27.98
705, 27.81
706, 27.75
707, 27.58
708, 27.53
709, 27.36
710, 27.30
711, 27.11
712, 27.05
713, 26.88
714, 26.81
715, 26.62
716, 26.56
717, 26.50
718, 26.31
719, 26.25
720, 26.17
721, 25.98
722, 25.91
723, 25.72
724, 25.64
725, 25.58
726, 25.38
727, 25.30
728, 25.22
729, 25.02
730, 24.94
731, 24.86
732, 24.77
733, 24.56
734, 24.48
735, 24.39
736, 24.31
737, 24.09
738, 24.02
739, 23.92
740, 23.83
741, 23.61
742, 23.52
743, 23.42
744, 23.33
745, 23.22
746, 23.00
747, 22.91
748, 22.80
749, 22.70
750, 22.59
751, 22.48
752, 22.38
753, 22.16
754, 22.05
755, 21.92
756, 21.81
757, 21.70
758, 21.59
759, 21.47
760, 21.36
761, 21.23
762, 21.12
763, 21.00
764, 20.88
765, 20.75
766, 20.62
767, 20.50
768, 20.38
769, 20.25
770, 20.11
771, 19.98
772, 19.86
773, 19.72
774, 19.59
775, 19.45
776, 19.31
777, 19.17
778, 19.03
779, 18.89
780, 18.75
781, 18.61
782, 18.47
783, 18.33
784, 18.30
785, 18.14
786, 18.00
787, 17.84
788, 17.69
789, 17.55
790, 17.39
791, 17.34
792, 17.19
793, 17.03
794, 16.88
795, 16.72
796, 16.67
797, 16.50
798, 16.34
799, 16.17
800, 16.12
801, 15.95
802, 15.80
803, 15.62
804, 15.56
805, 15.39
806, 15.22
807, 15.05
808, 14.98
809, 14.80
810, 14.62
811, 14.56
812, 14.38
813, 14.19
814, 14.12
815, 13.94
816, 13.88
817, 13.69
818, 13.48
819, 13.42
820, 13.22
821, 13.03
822, 12.95
823, 12.75
824, 12.67
825, 12.47
826, 12.39
827, 12.19
828, 12.11
829, 11.91
830, 11.81
831, 11.61
832, 11.52
833, 11.30
834, 11.20
835, 11.00
836, 10.91
837, 10.69
838, 10.59
839, 10.38
840, 10.27
841, 10.05
842, 9.94
843, 9.72
844, 9.61
845, 9.50
846, 9.28
847, 9.17
848, 9.05
849, 8.83
850, 8.70
851, 8.47
852, 8.36
853, 8.23
854, 8.00
855, 7.88
856, 7.75
857, 7.52
858, 7.39
859, 7.25
860, 7.12
861, 6.88
862, 6.75
863, 6.61
864, 6.48
865, 6.23
866, 6.09
867, 5.95
868, 5.81
869, 5.55
870, 5.41
871, 5.27
872, 5.12
873, 4.97
874, 4.70
875, 4.56
876, 4.41
877, 4.25
878, 4.11
879, 3.95
880, 3.80
881, 3.52
882, 3.36
883, 3.20
884, 3.03
885, 2.88
886, 2.70
887, 2.55
888, 2.38
889, 2.20
890, 2.03
891, 1.86
892, 1.69
893, 1.52
894, 1.33
895, 1.16
896, 0.98
897, 0.80
898, 0.61
899, 0.44
900, 0.25
901, 0.06
902, -0.12
903, -0.31
904, -0.50
905, -0.70
906, -0.89
907, -1.09
908, -1.28
909, -1.48
910, -1.69
911, -1.88
912, -1.97
913, -2.17
914, -2.38
915, -2.58
916, -2.80
917, -3.00
918, -3.22
919, -3.31
920, -3.52
921, -3.73
922, -3.95
923, -4.17
924, -4.27
925, -4.50
926, -4.72
927, -4.94
928, -5.05
929, -5.28
930, -5.50
931, -5.73
932, -5.84
933, -6.08
934, -6.31
935, -6.55
936, -6.67
937, -6.91
938, -7.16
939, -7.28
940, -7.52
941, -7.77
942, -7.89
943, -8.14
944, -8.28
945, -8.53
946, -8.78
947, -8.92
948, -9.17
949, -9.42
950, -9.58
951, -9.83
952, -9.97
953, -10.23
954, -10.39
955, -10.66
956, -10.80
957, -11.08
958, -11.22
959, -11.50
960, -11.66
961, -11.92
962, -12.09
963, -12.36
964, -12.53
965, -12.81
966, -12.97
967, -13.27
968, -13.44
969, -13.72
970, -13.89
971, -14.19
972, -14.36
973, -14.53
974, -14.83
975, -15.00
976, -15.19
977, -15.48
978, -15.67
979, -15.97
980, -16.16
981, -16.34
982, -16.66
983, -16.84
984, -17.05
985, -17.36
986, -17.56
987, -17.75
988, -17.95
989, -18.27
990, -18.47
991, -18.67
992, -18.89
993, -19.22
994, -19.42
995, -19.62
996, -19.84
997, -20.17
998, -20.39
999, -20.61
1000, -20.83
1001, -21.05
1002, -21.39
1003, -21.61
1004, -21.84
1005, -22.06
1006, -22.30
1007, -22.52
1008, -22.75
1009, -23.11
1010, -23.34
1011, -23.58
1012, -23.81
1013, -24.06
1014, -24.30
1015, -24.55
1016, -24.78
1017, -25.03
1018, -25.28
1019, -25.53
1020, -25.78
1021, -26.03
1022, -26.28
1023, -26.55
